12
154
343
435
615
654
770
1213
5106
5139
1213
1216
1374
1690
1845
1846
1847
5560
6272
6314
6317
9601
9613
9615
9620
9621
9622
9623
10777
10946
10948
10949
11095
11504
11509
11512
11518
11541
11580
11585
11587
11591
11606
11614
15857
15858
17023
17033
17037
17049
17050
17064
17081
17103
17107
17110
17112
17023
17033
17037
17883
17884
17887
17888
17889
17914
17919
17920
17921
17922
17929
17958
17996
18012
18013
18015
18016
18017
18018
18019
18021
18027
18040
18048
18057
18060
18064
18189
18191
18192
18207
18575
18594
18613
18604
18608
18622
18635
18650
18651
18655
18510
18558
18597
18668
18766
18770
18771
18773
18774
18775
18778
18780
18783
18785
18789
18796
18809
18813
18816
18822
18835
18842
18850
18853
18854
18858
19230
19267
19340
19365
19772
19845
19847
19865
19867
19870
19873
19879
19880
19886
19896
19914
19915
19919
19920
19923
19926
19927
19869
19952
19987
19988
19989
19991
20001
20007
20020
20021
20022
20030
20166
20168
20174
20176
20177
20179
20187
20195
20202
20203
20204
20206
20208
20209
20211
20253
20257
20258
20261
20262
20273
20276
20286
20288
20289
20290
20329
20335
20393
20460
20463
20479
20505
20507
20511
20534
20536
20537
20538
20539
20560
20574
20577
20578
20582
20590
20592
20611
20612
20613
20617
20618
20619
20621
20623
20624
20625
20626
20629
20633
20638
20641
20643
20644
20645
20647
20648
20650
20651
20654
20655
20656
20657
20658
20660
20661
20662
20664
20680
20681
20682
20683
20684
20685
20688
20690
20691
20694
20695
20696
20697
20699
20700
20701
20702
20703
20704
20705
20706
20707
20710
20711
20712
20713
20714
20716
20717
20719
20722
20723
20727
20729
20734
20736
20737
20738
20739
20740
20744
20745
20746
20748
20749
20750
20752
20753
20754
20756
20757
20759
20761
20763
20764
20766
20767
20768
20769
20770
20772
20774
20776
20777
20778
20779
20780
20781
20782
20804
20805
20806
20807
20620
20622
20634
20637
20639
20649
20693
20698
20720
20725
20741
20743
20747
20751
20760
20765
20775
20783
20802
20474
20513
20547
20832
20833
20863
20870
20873
20887
20888
20890
20891
20893
20894
20896
20901
20905
20906
20907
20908
20909
20910
20911
20912
20921
20925
20927
20929
20930
20931
20933
21049
21095
21103
21155
21156
21157
21158
21159
21160
21161
21162
21179
21180
21187
21193
21194
21196
21197
21199
21201
21203
21204
21205
21206
21207
21208
21209
21210
21211
21212
21213
21214
21216
21217
21220
21221
21222
21224
21228
21229
21230
21232
21233
21234
21239
21242
21243
21244
21245
21246
21247
21249
21250
21251
21252
21253
21254
21255
21259
21268
21271
21272
21273
21277
21278
21279
21280
21281
21282
21283
21284
21285
21286
21287
21289
21290
20509
20510
20514
20516
20520
20548
20551
20556
20561
20567
20859
20860
20874
20877
20889
21291
21294
21295
21296
21299
21300
21301
21315
21322
21324
21325
21327
21328
21344
21346
21348
21350
21351
21352
21353
21354
21363
21371
21372
21374
21376
21377
21390
21393
21396
21398
21404
21406
21407
21408
21409
21410
21411
21414
21321
21323
21437
21438
21439
21441
21442
21443
21444
21445
21451
21452
21453
21454
21455
21456
21457
21458
21461
21466
21473
21475
21476
21478
21480
21481
21482
21484
21485
21486
21487
21489
21495
21496
21500
21501
21502
21505
21507
21509
21510
21511
21516
21517
21518
21519
21521
21522
21524
21527
21528
21530
21531
21532
21533
21534
21535
21539
21541
21542
21543
21545
21546
21547
21548
21549
21550
21551
21552
21553
21554
21555
21556
21557
21558
21559
21560
21561
21562
21563
21564
21565
21566
21567
21568
21569
21570
21571
21572
21573
21574
21575
21576
21577
21578
21579
21580
21581
21582
21584
21586
21589
21590
21591
21592
21593
21594
21598
21610
21611
21612
21613
21614
21615
21617
21618
21619
21620
21621
21664
21668
21669
21677
21689
21699
21700
21701
21702
21703
21707
21715
21716
21721
21728
21729
21734
21737
21739
21743
21744
21750
21753
21755
21761
21762
21763
21765
21767
21769
21772
21773
21774
21775
21782
21783
21784
21786
21788
21789
21791
21792
21793
21795
21796
21797
21798
21799
21800
21683
21714
21731
21733
21757
21764
21766
21768
21770
21776
21777
21778
21779
21780
21815
21816
21817
21818
21819
21820
21821
21822
21823
21825
21826
21827
21828
21829
21831
21834
21835
21837
21838
21841
21842
21843
21847
21848
21849
21852
21853
21854
21855
21856
21857
21858
21859
21860
21863
21864
21866
21871
21876
21879
21880
21888
21896
21900
21901
21902
21903
21904
